0 127.00 0.00781250
1 99.00 0.01000000
2 91.46 0.01081600
3 84.48 0.01169859
4 78.03 0.01265319
5 72.07 0.01368569
6 66.56 0.01480244
7 61.46 0.01601032
8 56.75 0.01731676
9 52.39 0.01872981
10 48.36 0.02025817
11 44.64 0.02191123
12 41.20 0.02369919
13 38.01 0.02563304
14 35.07 0.02772470
15 32.35 0.02998703
16 29.83 0.03243398
17 27.51 0.03508059
18 25.36 0.03794316
19 23.37 0.04103933
20 21.53 0.04438813
21 19.83 0.04801021
22 18.26 0.05192784
23 16.80 0.05616515
24 15.46 0.06074823
25 14.22 0.06570528
26 13.07 0.07106683
27 12.01 0.07686589
28 11.03 0.08313814
29 10.12 0.08992222
30 9.28 0.09725987
31 8.51 0.10519627
32 7.79 0.11378029
33 7.13 0.12306476
34 6.51 0.13310685
35 5.95 0.14396836
36 5.42 0.15571618
37 4.94 0.16842262
38 4.49 0.18216591
39 4.08 0.19703065
40 3.69 0.21310835
41 3.34 0.23049799
42 3.01 0.24930663
43 2.71 0.26965005
44 2.43 0.29165349
45 2.17 0.31545242
46 1.93 0.34119333
47 1.71 0.36903471
48 1.51 0.39914794
49 1.32 0.43171841
50 1.14 0.46694664
51 0.98 0.50504948
52 0.83 0.54626152
53 0.69 0.59083646
54 0.56 0.63904871
55 0.45 0.69119509
56 0.34 0.74759661
57 0.24 0.80860049
58 0.14 0.87458229
59 0.06 0.94594821
60 0.00 1.00000000
61 0.00 0.00000000
62 0.00 0.00000000
