0.1 172532917.8965282 127763653.31046344 227064117.00170824
0.12589254117941673 140873077.14408118 110811846.74207799 174483158.7002957
0.15848931924611134 107679483.40776165 90738634.6444804 125299600.84237745
0.19952623149688792 82032902.08627649 72524025.11905085 91294922.23431988
0.25118864315095796 61419244.92467983 55032209.95233968 68095724.91074054
0.31622776601683783 43807906.06657516 39210753.25711677 48186885.75423661
0.39810717055349715 31212338.15323466 26931090.181664918 35299657.41441561
0.5011872336272721 21989229.26986121 17950168.51920011 25781519.407245386
0.630957344480193 14649371.074650833 11301328.276399473 17362265.44897977
0.7943282347242812 9712124.065353433 6980618.859474016 11861887.167554993
0.9999999999999994 6422066.452214399 4268532.110148188 8144948.746660679
1.2589254117941662 4239848.3582917815 2630290.101074656 5644048.196844862
1.5848931924611125 2803054.142442645 1609106.5962782956 3905016.086079888
1.9952623149688788 1853594.1162198791 982493.6170874147 2712633.2554280628
2.5118864315095784 1232838.0560823749 602506.146133968 1884479.5356607728
3.162277660168376 816487.5107809409 368199.78687447216 1307625.5487271526
3.981071705534969 539939.7259894303 224621.17044076143 906131.2616882581
5.011872336272719 357759.2164875694 137778.86706921482 630670.2735661814
6.309573444801926 236832.35793881875 84175.00932477103 439051.54184728354
7.943282347242805 156673.948787715 51258.9490460213 304172.5679368465
9.99999999999999 103663.64005591306 31272.73535521213 211414.31443226972
12.589254117941662 68484.02594799754 19048.073462697193 146777.83622501805
15.84893192461111 45371.86154234799 11616.227197593214 102260.51908358384
19.95262314968877 30067.463293552086 7115.732005730764 70781.18362140833
25.11886431509577 19863.924895239783 4315.364750746788 49183.122195018135
31.62277660168376 13140.02687624685 2640.3842555734827 34263.64929199332
39.81071705534969 8694.745444622236 1601.7312097782644 23767.609857393476
50.118723362727145 5758.51299181229 973.8211777132113 16538.526135326505
63.095734448019236 3812.227618687539 591.8592488545786 11501.173458156309
79.43282347242805 2516.7070179980497 358.5368686055288 8000.553570788405
99.9999999999998 1665.2976622902383 217.2408110737921 5565.428799472451
125.89254117941648 1103.2355113882998 132.32416660834994 3885.6267421868743
158.48931924611108 729.2150397173631 80.3638704405005 2697.8516091484016
199.52623149688768 483.24403609044737 48.86172063417247 1880.3146692900114
251.18864315095772 320.82497639374196 29.593289132364173 1308.287483788914
316.2277660168373 211.89114225065973 17.923321968145217 908.3940349295815
398.10717055349653 140.23758884941802 10.936629404658886 631.4306611757775
